 1
1 0.71412073663402
2 0.17839661684263
3 0.13856067860416
4 0.12657660804774
5 0.069874200137266
6 0.066224730091278
7 0.065357569978999
8 0.058913460708605
9 0.033757597925391
10 0.026314816108629
11 0.025833973771489
12 0.02522983852739
13 0.02448597132207
14 0.022768090151774
15 0.019554255043707
16 0.019024095543783
17 0.018744631621343
18 0.016488371423992
19 0.016488371423992
20 0.014503355621951
21 0.013932098486374
22 0.013488244021321
23 0.012756706106698
24 0.011314179095277
25 0.010718263378308
26 0.0097524689404619
27 0.0083469298011285
28 0.0079729413166861
29 0.0079565022624248
30 0.0071345495493644
31 0.0071345495493644
32 0.0071304397857991
33 0.0070770128594502
34 0.0070318054602319
35 0.0066413779215282
36 0.0054166683790682
37 0.0052933754721091
38 0.0052563876000214
39 0.0051618630380194
40 0.0049728139140155
41 0.0049728139140155
42 0.0049358260419278
43 0.0049193869876666
44 0.0044960813404405
45 0.0043152517435672
46 0.0042947029257407
47 0.004257715053653
48 0.0040111292397348
49 0.0039412632591247
50 0.0038508484606881
51 0.0035549454839863
52 0.0034891892669415
53 0.0033823354142436
54 0.0031809569995438
55 0.0030124566933664
56 0.0029672492941481
57 0.0029672492941481
58 0.0029549200034522
59 0.0029056028406686
60 0.0027864196972748
61 0.0027740904065789
62 0.002585041282575
63 0.0025768217554444
64 0.0025644924647485
65 0.0025521631740526
66 0.0024124312128323
67 0.0023754433407446
68 0.0023302359415263
69 0.0022973578330039
70 0.0022768090151774
71 0.0022685894880468
72 0.0019562474570838
73 0.0018863814764737
74 0.0018041862051676
75 0.0017014421160351
76 0.0016480151896861
77 0.0015617101548148
78 0.0015452711005536
79 0.0015247222827271
80 0.0014754051199434
81 0.0014630758292475
82 0.0014589660656822
83 0.0014589660656822
84 0.0014178684300292
85 0.0013973196122027
86 0.0013849903215068
87 0.001360331740115
88 0.00122470954246
89 0.0012164900153294
90 0.0011671728525458
91 0.0011507337982846
92 0.0011466240347193
93 0.0011384045075887
94 0.0011219654533275
95 0.0011137459261969
96 0.001101416635501
97 0.0010397701820214
98 0.0009822334921072
99 0.0009781237285419
100 0.00096579443784599
101 0.00092058703862767
102 0.00088770893010525
103 0.00086716011227874
104 0.00085483082158283
105 0.00084661129445223
106 0.00083839176732163
107 0.00083428200375632
108 0.00082606247662572
109 0.00082606247662572
110 0.00080962342236451
111 0.00080140389523391
112 0.00079729413166861
113 0.0007931843681033
114 0.00077674531384209
115 0.00074386720531968
116 0.00073975744175438
117 0.00073153791462377
118 0.00072331838749317
119 0.00071920862392787
120 0.00069865980610135
121 0.00068633051540545
122 0.00066989146114424
123 0.00066578169757894
124 0.00063701335262182
125 0.00057125713557699
126 0.00055892784488108
127 0.00055892784488108
128 0.00055892784488108
129 0.00055892784488108
130 0.00055892784488108
131 0.00055892784488108
132 0.00055892784488108
133 0.00055892784488108
134 0.00055892784488108
135 0.00055481808131578
136 0.00054659855418518
137 0.00054659855418518
138 0.00054659855418518
139 0.00054659855418518
140 0.00054659855418518
141 0.00054659855418518
142 0.00053837902705457
143 0.00052193997279337
144 0.00051372044566276
145 0.00051372044566276
146 0.00051372044566276
147 0.00050550091853216
148 0.00050139115496685
149 0.00050139115496685
150 0.00049728139140155
151 0.00049317162783625
152 0.00049317162783625
153 0.00048495210070565
154 0.00048495210070565
155 0.00048495210070565
156 0.00048495210070565
157 0.00048495210070565
158 0.00047262281000974
159 0.00046851304644444
160 0.00046851304644444
161 0.00046029351931383
162 0.00044796422861793
163 0.00044385446505263
164 0.00043974470148732
165 0.00043974470148732
166 0.00043563493792202
167 0.00043563493792202
168 0.00041508612009551
169 0.000394537302269
170 0.0003904275387037
171 0.00036987872087719
172 0.00036576895731189
173 0.00035343966661598
174 0.00035343966661598
175 0.00035343966661598
176 0.00034111037592007
177 0.00033289084878947
178 0.00033289084878947
179 0.00032878108522417
180 0.00032878108522417
181 0.00032056155809356
182 0.00031234203096296
183 0.00031234203096296
184 0.00029179321313645
185 0.00028768344957115
186 0.00027946392244054
187 0.00027946392244054
188 0.00027124439530994
189 0.00027124439530994
190 0.00026713463174464
191 0.00026713463174464
192 0.00026302486817933
193 0.00025480534104873
194 0.00025480534104873
195 0.00024658581391813
196 0.00023425652322222
197 0.00023014675965692
198 0.00021781746896101
199 0.00021370770539571
200 0.00020959794183041
201 0.0002054881782651
202 0.0002013784146998
203 0.0002013784146998
204 0.0001931588875692
205 0.0001931588875692
206 0.0001931588875692
207 0.0001890491240039
208 0.0001890491240039
209 0.00018493936043859
210 0.00018082959687329
211 0.00017671983330799
212 0.00017671983330799
213 0.00017671983330799
214 0.00017671983330799
215 0.00016439054261208
216 0.00016028077904678
217 0.00015617101548148
218 0.00015617101548148
219 0.00015617101548148
220 0.00015617101548148
221 0.00015617101548148
222 0.00015617101548148
223 0.00015617101548148
224 0.00015206125191618
225 0.00015206125191618
226 0.00015206125191618
227 0.00014384172478557
228 0.00014384172478557
229 0.00014384172478557
230 0.00013973196122027
231 0.00013562219765497
232 0.00013562219765497
233 0.00012740267052436
234 0.00012740267052436
235 0.00012329290695906
236 0.00012329290695906
237 0.00012329290695906
238 0.00012329290695906
239 0.00011918314339376
240 0.00011918314339376
241 0.00011918314339376
242 0.00011918314339376
243 0.00011507337982846
244 0.00011507337982846
245 0.00010274408913255
246 0.00010274408913255
247 0.00010274408913255
248 0.00010274408913255
249 0.00010274408913255
250 9.863432556725e-05
251 9.863432556725e-05
252 9.863432556725e-05
253 9.4524562001948e-05
254 9.4524562001948e-05
255 9.0414798436646e-05
256 9.0414798436646e-05
257 9.0414798436646e-05
258 8.6305034871344e-05
259 8.6305034871344e-05
260 8.2195271306042e-05
261 8.2195271306042e-05
262 7.808550774074e-05
263 7.808550774074e-05
264 7.808550774074e-05
265 7.808550774074e-05
266 7.808550774074e-05
267 7.808550774074e-05
268 7.808550774074e-05
269 7.3975744175438e-05
270 7.3975744175438e-05
271 7.3975744175438e-05
272 7.3975744175438e-05
273 7.3975744175438e-05
274 7.3975744175438e-05
275 7.3975744175438e-05
276 7.3975744175438e-05
277 7.3975744175438e-05
278 6.9865980610136e-05
279 6.9865980610136e-05
280 6.9865980610136e-05
281 6.9865980610136e-05
282 6.9865980610136e-05
283 6.5756217044833e-05
284 6.5756217044833e-05
285 6.5756217044833e-05
286 6.5756217044833e-05
287 6.5756217044833e-05
288 6.5756217044833e-05
289 6.1646453479531e-05
290 6.1646453479531e-05
291 6.1646453479531e-05
292 6.1646453479531e-05
293 6.1646453479531e-05
294 6.1646453479531e-05
295 6.1646453479531e-05
296 6.1646453479531e-05
297 5.7536689914229e-05
298 5.7536689914229e-05
299 5.7536689914229e-05
300 5.7536689914229e-05
301 5.3426926348927e-05
302 5.3426926348927e-05
303 5.3426926348927e-05
304 5.3426926348927e-05
305 5.3426926348927e-05
306 5.3426926348927e-05
307 5.3426926348927e-05
308 5.3426926348927e-05
309 4.9317162783625e-05
310 4.9317162783625e-05
311 4.9317162783625e-05
312 4.9317162783625e-05
313 4.5207399218323e-05
314 4.5207399218323e-05
315 4.5207399218323e-05
316 4.5207399218323e-05
317 4.5207399218323e-05
318 4.5207399218323e-05
319 4.5207399218323e-05
320 4.5207399218323e-05
321 4.5207399218323e-05
322 4.5207399218323e-05
323 4.5207399218323e-05
324 4.5207399218323e-05
325 4.5207399218323e-05
326 4.1097635653021e-05
327 4.1097635653021e-05
328 4.1097635653021e-05
329 4.1097635653021e-05
330 4.1097635653021e-05
331 3.6987872087719e-05
332 3.6987872087719e-05
333 3.6987872087719e-05
334 3.6987872087719e-05
335 3.6987872087719e-05
336 3.6987872087719e-05
337 3.6987872087719e-05
338 3.6987872087719e-05
339 3.6987872087719e-05
340 3.6987872087719e-05
341 3.6987872087719e-05
342 3.2878108522417e-05
343 3.2878108522417e-05
344 3.2878108522417e-05
345 3.2878108522417e-05
346 3.2878108522417e-05
347 3.2878108522417e-05
348 3.2878108522417e-05
349 3.2878108522417e-05
350 3.2878108522417e-05
351 3.2878108522417e-05
352 3.2878108522417e-05
353 3.2878108522417e-05
354 3.2878108522417e-05
355 3.2878108522417e-05
356 3.2878108522417e-05
357 2.8768344957115e-05
358 2.8768344957115e-05
359 2.8768344957115e-05
360 2.8768344957115e-05
361 2.8768344957115e-05
362 2.8768344957115e-05
363 2.8768344957115e-05
364 2.8768344957115e-05
365 2.8768344957115e-05
366 2.8768344957115e-05
367 2.8768344957115e-05
368 2.8768344957115e-05
369 2.8768344957115e-05
370 2.8768344957115e-05
371 2.8768344957115e-05
372 2.8768344957115e-05
373 2.8768344957115e-05
374 2.8768344957115e-05
375 2.8768344957115e-05
376 2.4658581391813e-05
377 2.4658581391813e-05
378 2.4658581391813e-05
379 2.4658581391813e-05
380 2.4658581391813e-05
381 2.4658581391813e-05
382 2.4658581391813e-05
383 2.4658581391813e-05
384 2.4658581391813e-05
385 2.4658581391813e-05
386 2.4658581391813e-05
387 2.4658581391813e-05
388 2.4658581391813e-05
389 2.4658581391813e-05
390 2.4658581391813e-05
391 2.4658581391813e-05
392 2.4658581391813e-05
393 2.4658581391813e-05
394 2.4658581391813e-05
395 2.4658581391813e-05
396 2.4658581391813e-05
397 2.4658581391813e-05
398 2.4658581391813e-05
399 2.4658581391813e-05
400 2.4658581391813e-05
401 2.054881782651e-05
402 2.054881782651e-05
403 2.054881782651e-05
404 2.054881782651e-05
405 2.054881782651e-05
406 2.054881782651e-05
407 2.054881782651e-05
408 2.054881782651e-05
409 2.054881782651e-05
410 2.054881782651e-05
411 2.054881782651e-05
412 2.054881782651e-05
413 2.054881782651e-05
414 2.054881782651e-05
415 2.054881782651e-05
416 2.054881782651e-05
417 2.054881782651e-05
418 2.054881782651e-05
419 2.054881782651e-05
420 2.054881782651e-05
421 2.054881782651e-05
422 2.054881782651e-05
423 2.054881782651e-05
424 2.054881782651e-05
425 2.054881782651e-05
426 2.054881782651e-05
427 2.054881782651e-05
428 2.054881782651e-05
429 1.6439054261208e-05
430 1.6439054261208e-05
431 1.6439054261208e-05
432 1.6439054261208e-05
433 1.6439054261208e-05
434 1.6439054261208e-05
435 1.6439054261208e-05
436 1.6439054261208e-05
437 1.6439054261208e-05
438 1.6439054261208e-05
439 1.6439054261208e-05
440 1.6439054261208e-05
441 1.6439054261208e-05
442 1.6439054261208e-05
443 1.6439054261208e-05
444 1.6439054261208e-05
445 1.6439054261208e-05
446 1.6439054261208e-05
447 1.6439054261208e-05
448 1.6439054261208e-05
449 1.6439054261208e-05
450 1.6439054261208e-05
451 1.6439054261208e-05
452 1.2329290695906e-05
453 1.2329290695906e-05
454 1.2329290695906e-05
455 1.2329290695906e-05
456 1.2329290695906e-05
457 1.2329290695906e-05
458 1.2329290695906e-05
459 1.2329290695906e-05
460 1.2329290695906e-05
461 1.2329290695906e-05
462 1.2329290695906e-05
463 1.2329290695906e-05
464 1.2329290695906e-05
465 1.2329290695906e-05
466 1.2329290695906e-05
467 1.2329290695906e-05
468 1.2329290695906e-05
469 1.2329290695906e-05
470 1.2329290695906e-05
471 1.2329290695906e-05
472 1.2329290695906e-05
473 1.2329290695906e-05
474 1.2329290695906e-05
475 1.2329290695906e-05
476 1.2329290695906e-05
477 1.2329290695906e-05
478 1.2329290695906e-05
479 1.2329290695906e-05
480 1.2329290695906e-05
481 1.2329290695906e-05
482 1.2329290695906e-05
483 1.2329290695906e-05
484 1.2329290695906e-05
485 1.2329290695906e-05
486 1.2329290695906e-05
487 1.2329290695906e-05
488 1.2329290695906e-05
489 1.2329290695906e-05
490 1.2329290695906e-05
491 1.2329290695906e-05
492 1.2329290695906e-05
493 1.2329290695906e-05
494 1.2329290695906e-05
495 1.2329290695906e-05
496 1.2329290695906e-05
497 1.2329290695906e-05
498 1.2329290695906e-05
499 1.2329290695906e-05
500 1.2329290695906e-05
501 1.2329290695906e-05
502 1.2329290695906e-05
503 1.2329290695906e-05
504 1.2329290695906e-05
505 1.2329290695906e-05
506 1.2329290695906e-05
507 1.2329290695906e-05
508 1.2329290695906e-05
509 1.2329290695906e-05
510 1.2329290695906e-05
511 1.2329290695906e-05
512 1.2329290695906e-05
513 1.2329290695906e-05
514 1.2329290695906e-05
515 1.2329290695906e-05
516 8.2195271306042e-06
517 8.2195271306042e-06
518 8.2195271306042e-06
519 8.2195271306042e-06
520 8.2195271306042e-06
521 8.2195271306042e-06
522 8.2195271306042e-06
523 8.2195271306042e-06
524 8.2195271306042e-06
525 8.2195271306042e-06
526 8.2195271306042e-06
527 8.2195271306042e-06
528 8.2195271306042e-06
529 8.2195271306042e-06
530 8.2195271306042e-06
531 8.2195271306042e-06
532 8.2195271306042e-06
533 8.2195271306042e-06
534 8.2195271306042e-06
535 8.2195271306042e-06
536 8.2195271306042e-06
537 8.2195271306042e-06
538 8.2195271306042e-06
539 8.2195271306042e-06
540 8.2195271306042e-06
541 8.2195271306042e-06
542 8.2195271306042e-06
543 8.2195271306042e-06
544 8.2195271306042e-06
545 8.2195271306042e-06
546 8.2195271306042e-06
547 8.2195271306042e-06
548 8.2195271306042e-06
549 8.2195271306042e-06
550 8.2195271306042e-06
551 8.2195271306042e-06
552 8.2195271306042e-06
553 8.2195271306042e-06
554 8.2195271306042e-06
555 8.2195271306042e-06
556 8.2195271306042e-06
557 8.2195271306042e-06
558 8.2195271306042e-06
559 8.2195271306042e-06
560 8.2195271306042e-06
561 8.2195271306042e-06
562 8.2195271306042e-06
563 8.2195271306042e-06
564 8.2195271306042e-06
565 8.2195271306042e-06
566 8.2195271306042e-06
567 8.2195271306042e-06
568 8.2195271306042e-06
569 8.2195271306042e-06
570 8.2195271306042e-06
571 8.2195271306042e-06
572 8.2195271306042e-06
573 8.2195271306042e-06
574 8.2195271306042e-06
575 8.2195271306042e-06
576 8.2195271306042e-06
577 8.2195271306042e-06
578 8.2195271306042e-06
579 8.2195271306042e-06
580 8.2195271306042e-06
581 8.2195271306042e-06
582 8.2195271306042e-06
583 8.2195271306042e-06
584 8.2195271306042e-06
585 8.2195271306042e-06
586 8.2195271306042e-06
587 8.2195271306042e-06
588 8.2195271306042e-06
589 8.2195271306042e-06
590 8.2195271306042e-06
591 8.2195271306042e-06
592 8.2195271306042e-06
593 8.2195271306042e-06
594 8.2195271306042e-06
595 8.2195271306042e-06
596 8.2195271306042e-06
597 8.2195271306042e-06
598 8.2195271306042e-06
599 8.2195271306042e-06
600 8.2195271306042e-06
601 8.2195271306042e-06
602 8.2195271306042e-06
603 8.2195271306042e-06
604 8.2195271306042e-06
605 8.2195271306042e-06
606 8.2195271306042e-06
607 8.2195271306042e-06
608 8.2195271306042e-06
609 8.2195271306042e-06
610 8.2195271306042e-06
611 8.2195271306042e-06
612 8.2195271306042e-06
613 8.2195271306042e-06
614 8.2195271306042e-06
615 8.2195271306042e-06
616 8.2195271306042e-06
617 8.2195271306042e-06
618 8.2195271306042e-06
619 8.2195271306042e-06
620 8.2195271306042e-06
621 8.2195271306042e-06
622 8.2195271306042e-06
623 8.2195271306042e-06
624 8.2195271306042e-06
625 8.2195271306042e-06
626 8.2195271306042e-06
627 8.2195271306042e-06
628 8.2195271306042e-06
629 8.2195271306042e-06
630 8.2195271306042e-06
631 8.2195271306042e-06
632 8.2195271306042e-06
633 8.2195271306042e-06
634 8.2195271306042e-06
635 8.2195271306042e-06
636 8.2195271306042e-06
637 8.2195271306042e-06
638 8.2195271306042e-06
639 8.2195271306042e-06
640 8.2195271306042e-06
641 8.2195271306042e-06
642 4.1097635653021e-06
643 4.1097635653021e-06
644 4.1097635653021e-06
645 4.1097635653021e-06
646 4.1097635653021e-06
647 4.1097635653021e-06
648 4.1097635653021e-06
649 4.1097635653021e-06
650 4.1097635653021e-06
651 4.1097635653021e-06
652 4.1097635653021e-06
653 4.1097635653021e-06
654 4.1097635653021e-06
655 4.1097635653021e-06
656 4.1097635653021e-06
657 4.1097635653021e-06
658 4.1097635653021e-06
659 4.1097635653021e-06
660 4.1097635653021e-06
661 4.1097635653021e-06
662 4.1097635653021e-06
663 4.1097635653021e-06
664 4.1097635653021e-06
665 4.1097635653021e-06
666 4.1097635653021e-06
667 4.1097635653021e-06
668 4.1097635653021e-06
669 4.1097635653021e-06
670 4.1097635653021e-06
671 4.1097635653021e-06
672 4.1097635653021e-06
673 4.1097635653021e-06
674 4.1097635653021e-06
675 4.1097635653021e-06
676 4.1097635653021e-06
677 4.1097635653021e-06
678 4.1097635653021e-06
679 4.1097635653021e-06
680 4.1097635653021e-06
681 4.1097635653021e-06
682 4.1097635653021e-06
683 4.1097635653021e-06
684 4.1097635653021e-06
685 4.1097635653021e-06
686 4.1097635653021e-06
687 4.1097635653021e-06
688 4.1097635653021e-06
689 4.1097635653021e-06
690 4.1097635653021e-06
691 4.1097635653021e-06
692 4.1097635653021e-06
693 4.1097635653021e-06
694 4.1097635653021e-06
695 4.1097635653021e-06
696 4.1097635653021e-06
697 4.1097635653021e-06
698 4.1097635653021e-06
699 4.1097635653021e-06
700 4.1097635653021e-06
701 4.1097635653021e-06
702 4.1097635653021e-06
703 4.1097635653021e-06
704 4.1097635653021e-06
705 4.1097635653021e-06
706 4.1097635653021e-06
707 4.1097635653021e-06
708 4.1097635653021e-06
709 4.1097635653021e-06
710 4.1097635653021e-06
711 4.1097635653021e-06
712 4.1097635653021e-06
713 4.1097635653021e-06
714 4.1097635653021e-06
715 4.1097635653021e-06
716 4.1097635653021e-06
717 4.1097635653021e-06
718 4.1097635653021e-06
719 4.1097635653021e-06
720 4.1097635653021e-06
721 4.1097635653021e-06
722 4.1097635653021e-06
723 4.1097635653021e-06
724 4.1097635653021e-06
725 4.1097635653021e-06
726 4.1097635653021e-06
727 4.1097635653021e-06
728 4.1097635653021e-06
729 4.1097635653021e-06
730 4.1097635653021e-06
731 4.1097635653021e-06
732 4.1097635653021e-06
733 4.1097635653021e-06
734 4.1097635653021e-06
735 4.1097635653021e-06
736 4.1097635653021e-06
737 4.1097635653021e-06
738 4.1097635653021e-06
739 4.1097635653021e-06
740 4.1097635653021e-06
741 4.1097635653021e-06
742 4.1097635653021e-06
743 4.1097635653021e-06
744 4.1097635653021e-06
745 4.1097635653021e-06
746 4.1097635653021e-06
747 4.1097635653021e-06
748 4.1097635653021e-06
749 4.1097635653021e-06
750 4.1097635653021e-06
751 4.1097635653021e-06
752 4.1097635653021e-06
753 4.1097635653021e-06
754 4.1097635653021e-06
755 4.1097635653021e-06
756 4.1097635653021e-06
757 4.1097635653021e-06
758 4.1097635653021e-06
759 4.1097635653021e-06
760 4.1097635653021e-06
761 4.1097635653021e-06
762 4.1097635653021e-06
763 4.1097635653021e-06
764 4.1097635653021e-06
765 4.1097635653021e-06
766 4.1097635653021e-06
767 4.1097635653021e-06
768 4.1097635653021e-06
769 4.1097635653021e-06
770 4.1097635653021e-06
771 4.1097635653021e-06
772 4.1097635653021e-06
773 4.1097635653021e-06
774 4.1097635653021e-06
775 4.1097635653021e-06
776 4.1097635653021e-06
777 4.1097635653021e-06
778 4.1097635653021e-06
779 4.1097635653021e-06
780 4.1097635653021e-06
781 4.1097635653021e-06
782 4.1097635653021e-06
783 4.1097635653021e-06
784 4.1097635653021e-06
785 4.1097635653021e-06
786 4.1097635653021e-06
787 4.1097635653021e-06
788 4.1097635653021e-06
789 4.1097635653021e-06
790 4.1097635653021e-06
791 4.1097635653021e-06
792 4.1097635653021e-06
793 4.1097635653021e-06
794 4.1097635653021e-06
795 4.1097635653021e-06
796 4.1097635653021e-06
797 4.1097635653021e-06
798 4.1097635653021e-06
799 4.1097635653021e-06
800 4.1097635653021e-06
801 4.1097635653021e-06
802 4.1097635653021e-06
803 4.1097635653021e-06
804 4.1097635653021e-06
805 4.1097635653021e-06
806 4.1097635653021e-06
807 4.1097635653021e-06
808 4.1097635653021e-06
809 4.1097635653021e-06
810 4.1097635653021e-06
811 4.1097635653021e-06
812 4.1097635653021e-06
813 4.1097635653021e-06
814 4.1097635653021e-06
815 4.1097635653021e-06
816 4.1097635653021e-06
817 4.1097635653021e-06
818 4.1097635653021e-06
819 4.1097635653021e-06
820 4.1097635653021e-06
821 4.1097635653021e-06
822 4.1097635653021e-06
823 4.1097635653021e-06
824 4.1097635653021e-06
825 4.1097635653021e-06
826 4.1097635653021e-06
827 4.1097635653021e-06
828 4.1097635653021e-06
829 4.1097635653021e-06
830 4.1097635653021e-06
831 4.1097635653021e-06
832 4.1097635653021e-06
833 4.1097635653021e-06
834 4.1097635653021e-06
835 4.1097635653021e-06
836 4.1097635653021e-06
837 4.1097635653021e-06
838 4.1097635653021e-06
839 4.1097635653021e-06
840 4.1097635653021e-06
841 4.1097635653021e-06
842 4.1097635653021e-06
843 4.1097635653021e-06
844 4.1097635653021e-06
845 4.1097635653021e-06
846 4.1097635653021e-06
847 4.1097635653021e-06
848 4.1097635653021e-06
849 4.1097635653021e-06
850 4.1097635653021e-06
851 4.1097635653021e-06
852 4.1097635653021e-06
853 4.1097635653021e-06
854 4.1097635653021e-06
855 4.1097635653021e-06
856 4.1097635653021e-06
857 4.1097635653021e-06
858 4.1097635653021e-06
859 4.1097635653021e-06
860 4.1097635653021e-06
861 4.1097635653021e-06
862 4.1097635653021e-06
863 4.1097635653021e-06
864 4.1097635653021e-06
865 4.1097635653021e-06
866 4.1097635653021e-06
867 4.1097635653021e-06
868 4.1097635653021e-06
869 4.1097635653021e-06
870 4.1097635653021e-06
871 4.1097635653021e-06
872 4.1097635653021e-06
873 4.1097635653021e-06
874 4.1097635653021e-06
875 4.1097635653021e-06
876 4.1097635653021e-06
877 4.1097635653021e-06
878 4.1097635653021e-06
879 4.1097635653021e-06
880 4.1097635653021e-06
881 4.1097635653021e-06
882 4.1097635653021e-06
883 4.1097635653021e-06
884 4.1097635653021e-06
885 4.1097635653021e-06
886 4.1097635653021e-06
887 4.1097635653021e-06
888 4.1097635653021e-06
889 4.1097635653021e-06
890 4.1097635653021e-06
891 4.1097635653021e-06
892 4.1097635653021e-06
893 4.1097635653021e-06
894 4.1097635653021e-06
895 4.1097635653021e-06
896 4.1097635653021e-06
897 4.1097635653021e-06
898 4.1097635653021e-06
899 4.1097635653021e-06
900 4.1097635653021e-06
901 4.1097635653021e-06
902 4.1097635653021e-06
903 4.1097635653021e-06
904 4.1097635653021e-06
905 4.1097635653021e-06
906 4.1097635653021e-06
907 4.1097635653021e-06
908 4.1097635653021e-06
909 4.1097635653021e-06
910 4.1097635653021e-06
911 4.1097635653021e-06
912 4.1097635653021e-06
913 4.1097635653021e-06
914 4.1097635653021e-06
915 4.1097635653021e-06
916 4.1097635653021e-06
917 4.1097635653021e-06
918 4.1097635653021e-06
919 4.1097635653021e-06
920 4.1097635653021e-06
921 4.1097635653021e-06
922 4.1097635653021e-06
923 4.1097635653021e-06
924 4.1097635653021e-06
925 4.1097635653021e-06
926 4.1097635653021e-06
927 4.1097635653021e-06
928 4.1097635653021e-06
929 4.1097635653021e-06
930 4.1097635653021e-06
931 4.1097635653021e-06
932 4.1097635653021e-06
933 4.1097635653021e-06
934 4.1097635653021e-06
935 4.1097635653021e-06
936 4.1097635653021e-06
937 4.1097635653021e-06
938 4.1097635653021e-06
939 4.1097635653021e-06
940 4.1097635653021e-06
941 4.1097635653021e-06
942 4.1097635653021e-06
943 4.1097635653021e-06
944 4.1097635653021e-06
945 4.1097635653021e-06
946 4.1097635653021e-06
947 4.1097635653021e-06
948 4.1097635653021e-06
949 4.1097635653021e-06
950 4.1097635653021e-06
951 4.1097635653021e-06
952 4.1097635653021e-06
953 4.1097635653021e-06
954 4.1097635653021e-06
955 4.1097635653021e-06
956 4.1097635653021e-06
957 4.1097635653021e-06
958 4.1097635653021e-06
959 4.1097635653021e-06
960 4.1097635653021e-06
961 4.1097635653021e-06
962 4.1097635653021e-06
963 4.1097635653021e-06
964 4.1097635653021e-06
965 4.1097635653021e-06
966 4.1097635653021e-06
967 4.1097635653021e-06
968 4.1097635653021e-06
969 4.1097635653021e-06
970 4.1097635653021e-06
971 4.1097635653021e-06
972 4.1097635653021e-06
973 4.1097635653021e-06
974 4.1097635653021e-06
975 4.1097635653021e-06
976 4.1097635653021e-06
977 4.1097635653021e-06
978 4.1097635653021e-06
979 4.1097635653021e-06
980 4.1097635653021e-06
981 4.1097635653021e-06
982 4.1097635653021e-06
983 4.1097635653021e-06
984 4.1097635653021e-06
985 4.1097635653021e-06
986 4.1097635653021e-06
987 4.1097635653021e-06
988 4.1097635653021e-06
989 4.1097635653021e-06
990 4.1097635653021e-06
991 4.1097635653021e-06
992 4.1097635653021e-06
993 4.1097635653021e-06
994 4.1097635653021e-06
995 4.1097635653021e-06
996 4.1097635653021e-06
997 4.1097635653021e-06
998 4.1097635653021e-06
999 4.1097635653021e-06
1000 4.1097635653021e-06
1001 4.1097635653021e-06
1002 4.1097635653021e-06
1003 4.1097635653021e-06
1004 4.1097635653021e-06
1005 4.1097635653021e-06
1006 4.1097635653021e-06
1007 4.1097635653021e-06
1008 4.1097635653021e-06
1009 4.1097635653021e-06
1010 4.1097635653021e-06
1011 4.1097635653021e-06
1012 4.1097635653021e-06
1013 4.1097635653021e-06
1014 4.1097635653021e-06
1015 4.1097635653021e-06
1016 4.1097635653021e-06
1017 4.1097635653021e-06
1018 4.1097635653021e-06
1019 4.1097635653021e-06
1020 4.1097635653021e-06
1021 4.1097635653021e-06
1022 4.1097635653021e-06
1023 4.1097635653021e-06
1024 4.1097635653021e-06
1025 4.1097635653021e-06
1026 4.1097635653021e-06
1027 4.1097635653021e-06
1028 4.1097635653021e-06
1029 4.1097635653021e-06
1030 4.1097635653021e-06
1031 4.1097635653021e-06
1032 4.1097635653021e-06
1033 4.1097635653021e-06
1034 4.1097635653021e-06
1035 4.1097635653021e-06
1036 4.1097635653021e-06
1037 4.1097635653021e-06
1038 4.1097635653021e-06
1039 4.1097635653021e-06
1040 4.1097635653021e-06
1041 4.1097635653021e-06
1042 4.1097635653021e-06
1043 4.1097635653021e-06
1044 4.1097635653021e-06
1045 4.1097635653021e-06
1046 4.1097635653021e-06
1047 4.1097635653021e-06
1048 4.1097635653021e-06
1049 4.1097635653021e-06
1050 4.1097635653021e-06
1051 4.1097635653021e-06
1052 4.1097635653021e-06
1053 4.1097635653021e-06
1054 4.1097635653021e-06
1055 4.1097635653021e-06
1056 4.1097635653021e-06
1057 4.1097635653021e-06
1058 4.1097635653021e-06
1059 4.1097635653021e-06
1060 4.1097635653021e-06
1061 4.1097635653021e-06
1062 4.1097635653021e-06
1063 4.1097635653021e-06
1064 4.1097635653021e-06
1065 4.1097635653021e-06
1066 4.1097635653021e-06
1067 4.1097635653021e-06
1068 4.1097635653021e-06
1069 4.1097635653021e-06
1070 4.1097635653021e-06
1071 4.1097635653021e-06
1072 4.1097635653021e-06
1073 4.1097635653021e-06
1074 4.1097635653021e-06
1075 4.1097635653021e-06
1076 4.1097635653021e-06
1077 4.1097635653021e-06
1078 4.1097635653021e-06
1079 4.1097635653021e-06
1080 4.1097635653021e-06
1081 4.1097635653021e-06
1082 4.1097635653021e-06
1083 4.1097635653021e-06
1084 4.1097635653021e-06
1085 4.1097635653021e-06
1086 4.1097635653021e-06
1087 4.1097635653021e-06
1088 4.1097635653021e-06
1089 4.1097635653021e-06
1090 4.1097635653021e-06
1091 4.1097635653021e-06
1092 4.1097635653021e-06
1093 4.1097635653021e-06
1094 4.1097635653021e-06
1095 4.1097635653021e-06
1096 4.1097635653021e-06
1097 4.1097635653021e-06
1098 4.1097635653021e-06
1099 4.1097635653021e-06
1100 4.1097635653021e-06
1101 4.1097635653021e-06
1102 4.1097635653021e-06
1103 4.1097635653021e-06
1104 4.1097635653021e-06
1105 4.1097635653021e-06
1106 4.1097635653021e-06
1107 4.1097635653021e-06
1108 4.1097635653021e-06
1109 4.1097635653021e-06
1110 4.1097635653021e-06
1111 4.1097635653021e-06
1112 4.1097635653021e-06
1113 4.1097635653021e-06
1114 4.1097635653021e-06
1115 4.1097635653021e-06
1116 4.1097635653021e-06
1117 4.1097635653021e-06
1118 4.1097635653021e-06
1119 4.1097635653021e-06
1120 4.1097635653021e-06
1121 4.1097635653021e-06
1122 4.1097635653021e-06
1123 4.1097635653021e-06
1124 4.1097635653021e-06
1125 4.1097635653021e-06
1126 4.1097635653021e-06
1127 4.1097635653021e-06
1128 4.1097635653021e-06
1129 4.1097635653021e-06
1130 4.1097635653021e-06
1131 4.1097635653021e-06
1132 4.1097635653021e-06
1133 4.1097635653021e-06
1134 4.1097635653021e-06
1135 4.1097635653021e-06
1136 4.1097635653021e-06
1137 4.1097635653021e-06
1138 4.1097635653021e-06
1139 4.1097635653021e-06
1140 4.1097635653021e-06
1141 4.1097635653021e-06
1142 4.1097635653021e-06
1143 4.1097635653021e-06
1144 4.1097635653021e-06
1145 4.1097635653021e-06
1146 4.1097635653021e-06
1147 4.1097635653021e-06
1148 4.1097635653021e-06
1149 4.1097635653021e-06
1150 4.1097635653021e-06
1151 4.1097635653021e-06
1152 4.1097635653021e-06
1153 4.1097635653021e-06
1154 4.1097635653021e-06
1155 4.1097635653021e-06
1156 4.1097635653021e-06
1157 4.1097635653021e-06
1158 4.1097635653021e-06
1159 4.1097635653021e-06
1160 4.1097635653021e-06
1161 4.1097635653021e-06
1162 4.1097635653021e-06
1163 4.1097635653021e-06
1164 4.1097635653021e-06
1165 4.1097635653021e-06
1166 4.1097635653021e-06
1167 4.1097635653021e-06
1168 4.1097635653021e-06
1169 4.1097635653021e-06
1170 4.1097635653021e-06
1171 4.1097635653021e-06
1172 4.1097635653021e-06
1173 4.1097635653021e-06
1174 4.1097635653021e-06
1175 4.1097635653021e-06
1176 4.1097635653021e-06
1177 4.1097635653021e-06
1178 4.1097635653021e-06
1179 4.1097635653021e-06
1180 4.1097635653021e-06
1181 4.1097635653021e-06
1182 4.1097635653021e-06
1183 4.1097635653021e-06
1184 4.1097635653021e-06
1185 4.1097635653021e-06
1186 4.1097635653021e-06
1187 4.1097635653021e-06
1188 4.1097635653021e-06
1189 4.1097635653021e-06
1190 4.1097635653021e-06
1191 4.1097635653021e-06
1192 4.1097635653021e-06
1193 4.1097635653021e-06
1194 4.1097635653021e-06
1195 4.1097635653021e-06
1196 4.1097635653021e-06
1197 4.1097635653021e-06
1198 4.1097635653021e-06
1199 4.1097635653021e-06
1200 4.1097635653021e-06
1201 4.1097635653021e-06
1202 4.1097635653021e-06
1203 4.1097635653021e-06
1204 4.1097635653021e-06
1205 4.1097635653021e-06
1206 4.1097635653021e-06
1207 4.1097635653021e-06
1208 4.1097635653021e-06
1209 4.1097635653021e-06
1210 4.1097635653021e-06
1211 4.1097635653021e-06
1212 4.1097635653021e-06
1213 4.1097635653021e-06
1214 4.1097635653021e-06
1215 4.1097635653021e-06
1216 4.1097635653021e-06
1217 4.1097635653021e-06
1218 4.1097635653021e-06
1219 4.1097635653021e-06
1220 4.1097635653021e-06
1221 4.1097635653021e-06
1222 4.1097635653021e-06
1223 4.1097635653021e-06
