0 1
1 1
2 1
3 0.998485995457986
4 0.996467322735302
5 0.976028261418118
6 0.90070653545294
7 0.812641937925814
8 0.797123391370174
9 0.741736058541509
10 0.740474388089831
11 0.623896038354782
12 0.509967196568256
13 0.453318193287913
14 0.330431491294474
15 0.321347464042392
16 0.270628311884936
17 0.179788039364118
18 0.179788039364118
19 0.13260156447136
20 0.121246530406258
21 0.116326015644714
22 0.0869290941206157
23 0.081630078223568
24 0.0725460509714863
25 0.0683825384809488
26 0.0683825384809488
27 0.068256371435781
28 0.0557658339641686
29 0.0494574817057785
30 0.035074438556649
31 0.0286399192530911
32 0.0233409033560434
33 0.013373706787787
34 0.00971486247792077
35 0.00782235680040374
36 0.00706535452939692
37 0.00353267726469846
38 0.00277567499369165
39 0.00214483976785264
40 0.00164017158718143
41 0.00164017158718143
42 0.00151400454201363
43 0.00151400454201363
44 0.00138783749684582
45 0.00138783749684582
46 0.00138783749684582
47 0.000757002271006813
48 0.000757002271006813
49 0.000630835225839011
50 0.000630835225839011
51 0.000630835225839011
52 0.000504668180671209
53 0.000252334090335604
54 0.000252334090335604
55 0.000252334090335604
56 0.000252334090335604
57 0.000252334090335604
58 0.000252334090335604
59 0.000252334090335604
60 0.000252334090335604
61 0.000252334090335604
62 0.000252334090335604
63 0.000252334090335604
64 0.000252334090335604
65 0.000252334090335604
66 0.000126167045167802
67 0.000126167045167802
68 0.000126167045167802
69 0.000126167045167802
70 0.000126167045167802
71 0.000126167045167802
72 0.000126167045167802
73 0.000126167045167802
74 0.000126167045167802
75 0.000126167045167802
76 0.000126167045167802
